 0.3000E+03  0.2587E+00
 0.4000E+03  0.2588E+00
 0.5000E+03  0.3075E+00
 0.6000E+03  0.3362E+00
 0.7000E+03  0.3321E+00
 0.8000E+03  0.3061E+00
 0.9000E+03  0.2704E+00
 0.1000E+04  0.2331E+00
 0.1100E+04  0.1982E+00
 0.1200E+04  0.1674E+00
 0.1300E+04  0.1412E+00
 0.1400E+04  0.1191E+00
 0.1500E+04  0.1008E+00
 0.1600E+04  0.8558E-01
 0.1700E+04  0.7304E-01
 0.1800E+04  0.6268E-01
 0.1900E+04  0.5408E-01
 0.2000E+04  0.4693E-01
 0.2100E+04  0.4096E-01
 0.2200E+04  0.3594E-01
 0.2300E+04  0.3171E-01
 0.2400E+04  0.2813E-01
 0.2500E+04  0.2508E-01
 0.2600E+04  0.2247E-01
 0.2700E+04  0.2023E-01
 0.2800E+04  0.1829E-01
 0.2900E+04  0.1661E-01
 0.3000E+04  0.1514E-01
 0.3100E+04  0.1385E-01
 0.3200E+04  0.1272E-01
 0.3300E+04  0.1172E-01
 0.3400E+04  0.1083E-01
 0.3500E+04  0.1004E-01
 0.3600E+04  0.9328E-02
 0.3700E+04  0.8690E-02
 0.3800E+04  0.8114E-02
 0.3900E+04  0.7594E-02
 0.4000E+04  0.7121E-02
