         25.00000000         25.00000000
         50.00000000         25.00000000
         75.00000000         25.00000000
        100.00000000         25.00000000
        125.00000000         25.00000000
        150.00000000         25.00000000
        175.00000000         25.00000000
        200.00000000         25.00000000
        225.00000000         25.00000000
        250.00000000         25.00000000
        275.00000000         25.00000000
        300.00000000         25.00000000
        325.00000000         25.00000000
        350.00000000         25.00000000
        375.00000000         25.00000000
        400.00000000         25.00000000
        425.00000000         25.00000000
        450.00000000         25.00000000
        475.00000000         25.00000000
        500.00000000         25.00000000
        525.00000000         25.00000000
        550.00000000         25.00000000
        575.00000000         25.00000000
        600.00000000         25.00000000
        625.00000000         25.00000000
        650.00000000         25.00000000
        675.00000000         25.00000000
        700.00000000         25.00000000
        725.00000000         25.00000000
        750.00000000         25.00000000
        775.00000000         25.00000000
        800.00000000         25.00000000
        825.00000000         25.00000000
        850.00000000         25.00000000
        875.00000000         25.00000000
        900.00000000         25.00000000
        925.00000000         25.00000000
        950.00000000         25.00000000
        975.00000000         25.00000000
       1000.00000000         25.00000000
       1025.00000000         25.00000000
       1050.00000000         25.00000000
       1075.00000000         25.00000000
       1100.00000000         25.00000000
       1125.00000000         25.00000000
       1150.00000000         25.00000000
       1175.00000000         25.00000000
       1200.00000000         25.00000000
       1225.00000000         25.00000000
       1250.00000000         25.00000000
       1275.00000000         25.00000000
       1300.00000000         25.00000000
       1325.00000000         25.00000000
       1350.00000000         25.00000000
       1375.00000000         25.00000000
       1400.00000000         25.00000000
       1425.00000000         25.00000000
       1450.00000000         25.00000000
       1475.00000000         25.00000000
       1500.00000000         25.00000000
       1525.00000000         25.00000000
       1550.00000000         25.00000000
       1575.00000000         25.00000000
       1600.00000000         25.00000000
       1625.00000000         25.00000000
       1650.00000000         25.00000000
       1675.00000000         25.00000000
       1700.00000000         25.00000000
       1725.00000000         25.00000000
       1750.00000000         25.00000000
       1775.00000000         25.00000000
       1800.00000000         25.00000000
       1825.00000000         25.00000000
       1850.00000000         25.00000000
       1875.00000000         25.00000000
       1900.00000000         25.00000000
       1925.00000000         25.00000000
       1950.00000000         25.00000000
       1975.00000000         25.00000000
       2000.00000000         25.00000000
       2025.00000000         25.00000000
       2050.00000000         25.00000000
       2075.00000000         25.00000000
       2100.00000000         25.00000000
       2125.00000000         25.00000000
       2150.00000000         25.00000000
       2175.00000000         25.00000000
       2200.00000000         25.00000000
       2225.00000000         25.00000000
       2250.00000000         25.00000000
       2275.00000000         25.00000000
       2300.00000000         25.00000000
       2325.00000000         25.00000000
       2350.00000000         25.00000000
       2375.00000000         25.00000000
       2400.00000000         25.00000000
       2425.00000000         25.00000000
       2450.00000000         25.00000000
       2475.00000000         25.00000000
       2500.00000000         25.00000000
       2525.00000000         25.00000000
       2550.00000000         25.00000000
       2575.00000000         25.00000000
       2600.00000000         25.00000000
       2625.00000000         25.00000000
       2650.00000000         25.00000000
       2675.00000000         25.00000000
       2700.00000000         25.00000000
       2725.00000000         25.00000000
       2750.00000000         25.00000000
       2775.00000000         25.00000000
       2800.00000000         25.00000000
       2825.00000000         25.00000000
       2850.00000000         25.00000000
       2875.00000000         25.00000000
       2900.00000000         25.00000000
       2925.00000000         25.00000000
       2950.00000000         25.00000000
       2975.00000000         25.00000000
       3000.00000000         25.00000000
       3025.00000000         25.00000000
       3050.00000000         25.00000000
       3075.00000000         25.00000000
       3100.00000000         25.00000000
       3125.00000000         25.00000000
       3150.00000000         25.00000000
       3175.00000000         25.00000000
       3200.00000000         25.00000000
       3225.00000000         25.00000000
       3250.00000000         25.00000000
       3275.00000000         25.00000000
       3300.00000000         25.00000000
       3325.00000000         25.00000000
       3350.00000000         25.00000000
       3375.00000000         25.00000000
       3400.00000000         25.00000000
       3425.00000000         25.00000000
       3450.00000000         25.00000000
       3475.00000000         25.00000000
       3500.00000000         25.00000000
       3525.00000000         25.00000000
       3550.00000000         25.00000000
       3575.00000000         25.00000000
       3600.00000000         25.00000000
       3625.00000000         25.00000000
       3650.00000000         25.00000000
       3675.00000000         25.00000000
       3700.00000000         25.00000000
       3725.00000000         25.00000000
       3750.00000000         25.00000000
       3775.00000000         25.00000000
       3800.00000000         25.00000000
       3825.00000000         25.00000000
       3850.00000000         25.00000000
       3875.00000000         25.00000000
       3900.00000000         25.00000000
       3925.00000000         25.00000000
       3950.00000000         25.00000000
       3975.00000000         25.00000000
       4000.00000000         25.00000000
       4025.00000000         25.00000000
       4050.00000000         25.00000000
       4075.00000000         25.00000000
       4100.00000000         25.00000000
       4125.00000000         25.00000000
       4150.00000000         25.00000000
       4175.00000000         25.00000000
       4200.00000000         25.00000000
       4225.00000000         25.00000000
       4250.00000000         25.00000000
       4275.00000000         25.00000000
       4300.00000000         25.00000000
       4325.00000000         25.00000000
       4350.00000000         25.00000000
       4375.00000000         25.00000000
       4400.00000000         25.00000000
       4425.00000000         25.00000000
       4450.00000000         25.00000000
       4475.00000000         25.00000000
       4500.00000000         25.00000000
       4525.00000000         25.00000000
       4550.00000000         25.00000000
       4575.00000000         25.00000000
       4600.00000000         25.00000000
       4625.00000000         25.00000000
       4650.00000000         25.00000000
       4675.00000000         25.00000000
       4700.00000000         25.00000000
       4725.00000000         25.00000000
       4750.00000000         25.00000000
       4775.00000000         25.00000000
       4800.00000000         25.00000000
       4825.00000000         25.00000000
       4850.00000000         25.00000000
       4875.00000000         25.00000000
       4900.00000000         25.00000000
       4925.00000000         25.00000000
       4950.00000000         25.00000000
       4975.00000000         25.00000000
       5000.00000000         25.00000000
       5025.00000000         25.00000000
       5050.00000000         25.00000000
       5075.00000000         25.00000000
       5100.00000000         25.00000000
       5125.00000000         25.00000000
       5150.00000000         25.00000000
       5175.00000000         25.00000000
       5200.00000000         25.00000000
       5225.00000000         25.00000000
       5250.00000000         25.00000000
       5275.00000000         25.00000000
       5300.00000000         25.00000000
       5325.00000000         25.00000000
       5350.00000000         25.00000000
       5375.00000000         25.00000000
       5400.00000000         25.00000000
       5425.00000000         25.00000000
       5450.00000000         25.00000000
       5475.00000000         25.00000000
       5500.00000000         25.00000000
       5525.00000000         25.00000000
       5550.00000000         25.00000000
       5575.00000000         25.00000000
       5600.00000000         25.00000000
       5625.00000000         25.00000000
       5650.00000000         25.00000000
       5675.00000000         25.00000000
       5700.00000000         25.00000000
       5725.00000000         25.00000000
       5750.00000000         25.00000000
       5775.00000000         25.00000000
       5800.00000000         25.00000000
       5825.00000000         25.00000000
       5850.00000000         25.00000000
       5875.00000000         25.00000000
       5900.00000000         25.00000000
       5925.00000000         25.00000000
       5950.00000000         25.00000000
       5975.00000000         25.00000000
       6000.00000000         25.00000000
       6025.00000000         25.00000000
       6050.00000000         25.00000000
       6075.00000000         25.00000000
       6100.00000000         25.00000000
       6125.00000000         25.00000000
       6150.00000000         25.00000000
       6175.00000000         25.00000000
       6200.00000000         25.00000000
       6225.00000000         25.00000000
       6250.00000000         25.00000000
       6275.00000000         25.00000000
       6300.00000000         25.00000000
       6325.00000000         25.00000000
       6350.00000000         25.00000000
       6375.00000000         25.00000000
       6400.00000000         25.00000000
       6425.00000000         25.00000000
       6450.00000000         25.00000000
       6475.00000000         25.00000000
       6500.00000000         25.00000000
       6525.00000000         25.00000000
       6550.00000000         25.00000000
       6575.00000000         25.00000000
       6600.00000000         25.00000000
       6625.00000000         25.00000000
       6650.00000000         25.00000000
       6675.00000000         25.00000000
       6700.00000000         25.00000000
       6725.00000000         25.00000000
       6750.00000000         25.00000000
       6775.00000000         25.00000000
       6800.00000000         25.00000000
       6825.00000000         25.00000000
       6850.00000000         25.00000000
       6875.00000000         25.00000000
       6900.00000000         25.00000000
       6925.00000000         25.00000000
       6950.00000000         25.00000000
       6975.00000000         25.00000000
       7000.00000000         25.00000000
       7025.00000000         25.00000000
       7050.00000000         25.00000000
       7075.00000000         25.00000000
       7100.00000000         25.00000000
       7125.00000000         25.00000000
       7150.00000000         25.00000000
       7175.00000000         25.00000000
       7200.00000000         25.00000000
       7225.00000000         25.00000000
       7250.00000000         25.00000000
       7275.00000000         25.00000000
       7300.00000000         25.00000000
       7325.00000000         25.00000000
       7350.00000000         25.00000000
       7375.00000000         25.00000000
       7400.00000000         25.00000000
       7425.00000000         25.00000000
       7450.00000000         25.00000000
       7475.00000000         25.00000000
       7500.00000000         25.00000000
       7525.00000000         25.00000000
       7550.00000000         25.00000000
       7575.00000000         25.00000000
       7600.00000000         25.00000000
       7625.00000000         25.00000000
       7650.00000000         25.00000000
       7675.00000000         25.00000000
       7700.00000000         25.00000000
       7725.00000000         25.00000000
       7750.00000000         25.00000000
       7775.00000000         25.00000000
       7800.00000000         25.00000000
       7825.00000000         25.00000000
       7850.00000000         25.00000000
       7875.00000000         25.00000000
       7900.00000000         25.00000000
       7925.00000000         25.00000000
       7950.00000000         25.00000000
       7975.00000000         25.00000000
       8000.00000000         25.00000000
       8025.00000000         25.00000000
       8050.00000000         25.00000000
       8075.00000000         25.00000000
       8100.00000000         25.00000000
       8125.00000000         25.00000000
       8150.00000000         25.00000000
       8175.00000000         25.00000000
       8200.00000000         25.00000000
       8225.00000000         25.00000000
       8250.00000000         25.00000000
       8275.00000000         25.00000000
       8300.00000000         25.00000000
       8325.00000000         25.00000000
       8350.00000000         25.00000000
       8375.00000000         25.00000000
       8400.00000000         25.00000000
       8425.00000000         25.00000000
       8450.00000000         25.00000000
       8475.00000000         25.00000000
       8500.00000000         25.00000000
       8525.00000000         25.00000000
       8550.00000000         25.00000000
       8575.00000000         25.00000000
       8600.00000000         25.00000000
       8625.00000000         25.00000000
       8650.00000000         25.00000000
       8675.00000000         25.00000000
       8700.00000000         25.00000000
       8725.00000000         25.00000000
       8750.00000000         25.00000000
       8775.00000000         25.00000000
       8800.00000000         25.00000000
       8825.00000000         25.00000000
       8850.00000000         25.00000000
       8875.00000000         25.00000000
       8900.00000000         25.00000000
       8925.00000000         25.00000000
       8950.00000000         25.00000000
       8975.00000000         25.00000000
       9000.00000000         25.00000000
       9025.00000000         25.00000000
       9050.00000000         25.00000000
       9075.00000000         25.00000000
       9100.00000000         25.00000000
       9125.00000000         25.00000000
       9150.00000000         25.00000000
       9175.00000000         25.00000000
       9200.00000000         25.00000000
       9225.00000000         25.00000000
       9250.00000000         25.00000000
       9275.00000000         25.00000000
       9300.00000000         25.00000000
       9325.00000000         25.00000000
       9350.00000000         25.00000000
       9375.00000000         25.00000000
       9400.00000000         25.00000000
       9425.00000000         25.00000000
       9450.00000000         25.00000000
       9475.00000000         25.00000000
       9500.00000000         25.00000000
       9525.00000000         25.00000000
       9550.00000000         25.00000000
       9575.00000000         25.00000000
       9600.00000000         25.00000000
       9625.00000000         25.00000000
       9650.00000000         25.00000000
       9675.00000000         25.00000000
       9700.00000000         25.00000000
       9725.00000000         25.00000000
       9750.00000000         25.00000000
       9775.00000000         25.00000000
       9800.00000000         25.00000000
       9825.00000000         25.00000000
       9850.00000000         25.00000000
       9875.00000000         25.00000000
       9900.00000000         25.00000000
       9925.00000000         25.00000000
       9950.00000000         25.00000000
       9975.00000000         25.00000000
      10000.00000000         25.00000000
      10025.00000000         25.00000000
      10050.00000000         25.00000000
      10075.00000000         25.00000000
      10100.00000000         25.00000000
      10125.00000000         25.00000000
      10150.00000000         25.00000000
      10175.00000000         25.00000000
      10200.00000000         25.00000000
      10225.00000000         25.00000000
      10250.00000000         25.00000000
      10275.00000000         25.00000000
      10300.00000000         25.00000000
      10325.00000000         25.00000000
      10350.00000000         25.00000000
      10375.00000000         25.00000000
      10400.00000000         25.00000000
      10425.00000000         25.00000000
      10450.00000000         25.00000000
      10475.00000000         25.00000000
      10500.00000000         25.00000000
      10525.00000000         25.00000000
      10550.00000000         25.00000000
      10575.00000000         25.00000000
      10600.00000000         25.00000000
      10625.00000000         25.00000000
      10650.00000000         25.00000000
      10675.00000000         25.00000000
      10700.00000000         25.00000000
      10725.00000000         25.00000000
      10750.00000000         25.00000000
      10775.00000000         25.00000000
      10800.00000000         25.00000000
      10825.00000000         25.00000000
      10850.00000000         25.00000000
      10875.00000000         25.00000000
      10900.00000000         25.00000000
      10925.00000000         25.00000000
      10950.00000000         25.00000000
      10975.00000000         25.00000000
      11000.00000000         25.00000000
      11025.00000000         25.00000000
      11050.00000000         25.00000000
      11075.00000000         25.00000000
      11100.00000000         25.00000000
      11125.00000000         25.00000000
      11150.00000000         25.00000000
      11175.00000000         25.00000000
      11200.00000000         25.00000000
      11225.00000000         25.00000000
      11250.00000000         25.00000000
     -11275.00000000         25.00000000
