# Nombre de k :
  8
# Nombre de T :
 28
# Liste des T (K) :
 300.0  400.0  500.0  600.0  700.0  800.0  900.0 1000.0 1100.0 1200.0
1300.0 1400.0 1500.0 1600.0 1700.0 1800.0 1900.0 2000.0 2100.0 2200.0
2300.0 2400.0 2500.0 2600.0 2700.0 2800.0 2900.0 3000.0
# Nombre de fractions volumiques :
  4
# Liste des rapports XH2O/XCO2ref (XCO2ref=0.1) :
0.010 0.100 1.000 4.000
# Temperature et XH2O de reference :
  1500.000      0.100
# Liste des kappa(1:3) et des poids(1:3)
 # Classe Numero :            0
 0.00000000E+00  0.00000000E+00  0.00000000E+00  0.00000000E+00  0.27895170E-03  0.27895170E-03  0.27895170E-03  0.27895170E-03
 0.00000000E+00  0.00000000E+00  0.00000000E+00  0.00000000E+00  0.11968580E-03  0.11968580E-03  0.11968580E-03  0.11968580E-03
 0.00000000E+00  0.00000000E+00  0.00000000E+00  0.00000000E+00  0.61926940E-04  0.61926940E-04  0.61926940E-04  0.61926940E-04
 0.00000000E+00  0.00000000E+00  0.00000000E+00  0.00000000E+00  0.36088780E-04  0.36088780E-04  0.36088780E-04  0.36088780E-04
 0.00000000E+00  0.00000000E+00  0.00000000E+00  0.00000000E+00  0.23025880E-04  0.23025880E-04  0.23025880E-04  0.23025880E-04
 0.00000000E+00  0.00000000E+00  0.00000000E+00  0.00000000E+00  0.17728960E-04  0.17728960E-04  0.17728960E-04  0.17728960E-04
 0.00000000E+00  0.00000000E+00  0.00000000E+00  0.00000000E+00  0.26969410E-04  0.26969410E-04  0.26969410E-04  0.26969410E-04
 0.00000000E+00  0.00000000E+00  0.00000000E+00  0.00000000E+00  0.80585800E-04  0.80585800E-04  0.80585800E-04  0.80585800E-04
 0.00000000E+00  0.00000000E+00  0.00000000E+00  0.00000000E+00  0.24888690E-03  0.24888690E-03  0.24888690E-03  0.24888690E-03
 0.00000000E+00  0.00000000E+00  0.00000000E+00  0.00000000E+00  0.65586140E-03  0.65586140E-03  0.65586140E-03  0.65586140E-03
 0.00000000E+00  0.00000000E+00  0.00000000E+00  0.00000000E+00  0.14797000E-02  0.14797000E-02  0.14797000E-02  0.14797000E-02
 0.00000000E+00  0.00000000E+00  0.00000000E+00  0.00000000E+00  0.29389590E-02  0.29389590E-02  0.29389590E-02  0.29389590E-02
 0.00000000E+00  0.00000000E+00  0.00000000E+00  0.00000000E+00  0.52693450E-02  0.52693450E-02  0.52693450E-02  0.52693450E-02
 0.00000000E+00  0.00000000E+00  0.00000000E+00  0.00000000E+00  0.86973480E-02  0.86973480E-02  0.86973480E-02  0.86973480E-02
 0.00000000E+00  0.00000000E+00  0.00000000E+00  0.00000000E+00  0.13418150E-01  0.13418150E-01  0.13418150E-01  0.13418150E-01
 0.00000000E+00  0.00000000E+00  0.00000000E+00  0.00000000E+00  0.19579850E-01  0.19579850E-01  0.19579850E-01  0.19579850E-01
 0.00000000E+00  0.00000000E+00  0.00000000E+00  0.00000000E+00  0.27275640E-01  0.27275640E-01  0.27275640E-01  0.27275640E-01
 0.00000000E+00  0.00000000E+00  0.00000000E+00  0.00000000E+00  0.36542760E-01  0.36542760E-01  0.36542760E-01  0.36542760E-01
 0.00000000E+00  0.00000000E+00  0.00000000E+00  0.00000000E+00  0.47366620E-01  0.47366620E-01  0.47366620E-01  0.47366620E-01
 0.00000000E+00  0.00000000E+00  0.00000000E+00  0.00000000E+00  0.59688100E-01  0.59688100E-01  0.59688100E-01  0.59688100E-01
 0.00000000E+00  0.00000000E+00  0.00000000E+00  0.00000000E+00  0.73412520E-01  0.73412520E-01  0.73412520E-01  0.73412520E-01
 0.00000000E+00  0.00000000E+00  0.00000000E+00  0.00000000E+00  0.88418840E-01  0.88418840E-01  0.88418840E-01  0.88418840E-01
 0.00000000E+00  0.00000000E+00  0.00000000E+00  0.00000000E+00  0.10456840E+00  0.10456840E+00  0.10456840E+00  0.10456840E+00
 0.00000000E+00  0.00000000E+00  0.00000000E+00  0.00000000E+00  0.12171240E+00  0.12171240E+00  0.12171240E+00  0.12171240E+00
 0.00000000E+00  0.00000000E+00  0.00000000E+00  0.00000000E+00  0.13969880E+00  0.13969880E+00  0.13969880E+00  0.13969880E+00
 0.00000000E+00  0.00000000E+00  0.00000000E+00  0.00000000E+00  0.15837680E+00  0.15837680E+00  0.15837680E+00  0.15837680E+00
 0.00000000E+00  0.00000000E+00  0.00000000E+00  0.00000000E+00  0.17760100E+00  0.17760100E+00  0.17760100E+00  0.17760100E+00
 0.00000000E+00  0.00000000E+00  0.00000000E+00  0.00000000E+00  0.19723450E+00  0.19723450E+00  0.19723450E+00  0.19723450E+00
 # Classe Numero :            1
 0.14717766E-08  0.13867945E-07  0.41813366E-06  0.37606541E-05  0.15978895E-02  0.16260971E-02  0.17602985E-02  0.18537737E-02
 0.54267572E-08  0.50691652E-07  0.60771188E-06  0.35538911E-05  0.11303790E-01  0.11324110E-01  0.11402578E-01  0.11823905E-01
 0.14102405E-07  0.11937528E-06  0.13145447E-05  0.72242859E-05  0.29655287E-01  0.28932026E-01  0.28268986E-01  0.28205268E-01
 0.34780332E-07  0.26462238E-06  0.26948381E-05  0.13575650E-04  0.49980223E-01  0.47684816E-01  0.44884400E-01  0.43843642E-01
 0.73651514E-07  0.51649534E-06  0.48840105E-05  0.23074571E-04  0.67291877E-01  0.62675277E-01  0.57216800E-01  0.54328896E-01
 0.13714927E-06  0.90093985E-06  0.79724316E-05  0.36285299E-04  0.79586288E-01  0.72847152E-01  0.65024693E-01  0.61069647E-01
 0.23253461E-06  0.14350453E-05  0.12060034E-04  0.53474476E-04  0.87084012E-01  0.79355017E-01  0.70735375E-01  0.66294733E-01
 0.36114261E-06  0.21543673E-05  0.17337289E-04  0.75182817E-04  0.91840733E-01  0.84378239E-01  0.75868140E-01  0.72007481E-01
 0.51813655E-06  0.30670374E-05  0.24040743E-04  0.10273645E-03  0.95790988E-01  0.89472623E-01  0.81879647E-01  0.79068917E-01
 0.70711875E-06  0.41941980E-05  0.32044008E-04  0.13574853E-03  0.10061462E+00  0.96041326E-01  0.90060036E-01  0.88169051E-01
 0.93139648E-06  0.54842255E-05  0.41539192E-04  0.17378084E-03  0.10787501E+00  0.10501659E+00  0.10110799E+00  0.99966684E-01
 0.11928455E-05  0.69685638E-05  0.52189777E-04  0.21541941E-03  0.11824833E+00  0.11689040E+00  0.11505451E+00  0.11453740E+00
 0.14603702E-05  0.85762433E-05  0.64084810E-04  0.26112839E-03  0.13173535E+00  0.13173535E+00  0.13173535E+00  0.13173535E+00
 0.17206262E-05  0.10243759E-04  0.76750167E-04  0.31095613E-03  0.14784376E+00  0.14918239E+00  0.15069032E+00  0.15109923E+00
 0.19038004E-05  0.11684879E-04  0.90145272E-04  0.36160700E-03  0.16599429E+00  0.16866260E+00  0.17126376E+00  0.17198031E+00
 0.20121647E-05  0.12702290E-04  0.10390428E-03  0.41533747E-03  0.18555340E+00  0.18953168E+00  0.19270364E+00  0.19359267E+00
 0.20973283E-05  0.13396122E-04  0.11756649E-03  0.47100129E-03  0.20596322E+00  0.21119098E+00  0.21429786E+00  0.21518552E+00
 0.21698222E-05  0.13972792E-04  0.13100960E-03  0.52789977E-03  0.22659456E+00  0.23307352E+00  0.23535316E+00  0.23608746E+00
 0.22365421E-05  0.14556702E-04  0.14243052E-03  0.58087887E-03  0.24690283E+00  0.25457165E+00  0.25542391E+00  0.25589375E+00
 0.22978465E-05  0.15142084E-04  0.15104371E-03  0.62267803E-03  0.26652519E+00  0.27506903E+00  0.27432596E+00  0.27424435E+00
 0.23558065E-05  0.15720302E-04  0.15748089E-03  0.65190152E-03  0.28516816E+00  0.29425841E+00  0.29173037E+00  0.29100736E+00
 0.24123589E-05  0.16274832E-04  0.16331138E-03  0.67469732E-03  0.30234967E+00  0.31173271E+00  0.30754647E+00  0.30598537E+00
 0.24643917E-05  0.16806490E-04  0.16910115E-03  0.69617332E-03  0.31784850E+00  0.32758104E+00  0.32154301E+00  0.31931999E+00
 0.25125501E-05  0.17317751E-04  0.17461014E-03  0.71686082E-03  0.33165777E+00  0.34142779E+00  0.33400625E+00  0.33093451E+00
 0.25563417E-05  0.17792928E-04  0.17999558E-03  0.73716862E-03  0.34379798E+00  0.35324958E+00  0.34477836E+00  0.34070412E+00
 0.25962734E-05  0.18245751E-04  0.18515249E-03  0.75573419E-03  0.35412486E+00  0.36306793E+00  0.35395391E+00  0.34895259E+00
 0.26327239E-05  0.18668043E-04  0.18997173E-03  0.77326176E-03  0.36277257E+00  0.37090452E+00  0.36157492E+00  0.35575278E+00
 0.26653452E-05  0.19046971E-04  0.19441844E-03  0.78957499E-03  0.36982199E+00  0.37665776E+00  0.36761645E+00  0.36097888E+00
 # Classe Numero :            2
 0.31674752E-06  0.17504137E-05  0.16728647E-04  0.95845800E-04  0.80043698E-01  0.12351989E+00  0.16244260E+00  0.16024899E+00
 0.61177922E-06  0.32310850E-05  0.21268461E-04  0.85656178E-04  0.71209330E-01  0.66900648E-01  0.10156634E+00  0.13153481E+00
 0.90615344E-06  0.50551509E-05  0.30978737E-04  0.12109764E-03  0.73457347E-01  0.60390936E-01  0.65646961E-01  0.88331736E-01
 0.13241598E-05  0.72361890E-05  0.45193326E-04  0.17555793E-03  0.78017874E-01  0.66886884E-01  0.66438030E-01  0.76829572E-01
 0.19027760E-05  0.98087282E-05  0.62722167E-04  0.24618204E-03  0.89148065E-01  0.81749371E-01  0.84299622E-01  0.87930805E-01
 0.26243324E-05  0.13197318E-04  0.84833595E-04  0.33460693E-03  0.10602914E+00  0.10058223E+00  0.10579852E+00  0.10829298E+00
 0.35560462E-05  0.17332913E-04  0.11167933E-03  0.44223265E-03  0.12466761E+00  0.12105507E+00  0.12779110E+00  0.13020195E+00
 0.47238058E-05  0.22153274E-04  0.14512896E-03  0.57585322E-03  0.14349824E+00  0.14085941E+00  0.14859369E+00  0.15067309E+00
 0.60702630E-05  0.27854964E-04  0.18462919E-03  0.73183327E-03  0.16134267E+00  0.15934760E+00  0.16722037E+00  0.16882977E+00
 0.76425183E-05  0.34223685E-04  0.23051394E-03  0.90752717E-03  0.17757684E+00  0.17648631E+00  0.18325950E+00  0.18441686E+00
 0.93926077E-05  0.41315124E-04  0.28450733E-03  0.11122666E-02  0.19195327E+00  0.19161799E+00  0.19632703E+00  0.19715610E+00
 0.11315535E-04  0.48930407E-04  0.34470591E-03  0.13463372E-02  0.20430280E+00  0.20442622E+00  0.20672887E+00  0.20720853E+00
 0.13390197E-04  0.57158296E-04  0.41159315E-03  0.16097371E-02  0.21469166E+00  0.21469166E+00  0.21469166E+00  0.21469166E+00
 0.15630097E-04  0.66040950E-04  0.48540254E-03  0.19026493E-02  0.22338857E+00  0.22247828E+00  0.22034342E+00  0.21981155E+00
 0.17969236E-04  0.75569133E-04  0.56350347E-03  0.22179852E-02  0.23048778E+00  0.22795507E+00  0.22393228E+00  0.22291713E+00
 0.20463342E-04  0.85720238E-04  0.64583110E-03  0.25430314E-02  0.23598075E+00  0.23123962E+00  0.22579602E+00  0.22433885E+00
 0.23040002E-04  0.96410180E-04  0.73164639E-03  0.28827801E-02  0.23956527E+00  0.23236104E+00  0.22615029E+00  0.22444784E+00
 0.25617045E-04  0.10747326E-03  0.81844444E-03  0.32287443E-02  0.24131798E+00  0.23152104E+00  0.22538369E+00  0.22359750E+00
 0.28168291E-04  0.11872649E-03  0.90533540E-03  0.35723769E-02  0.24126346E+00  0.22890956E+00  0.22362799E+00  0.22204834E+00
 0.30732218E-04  0.13008562E-03  0.99211664E-03  0.39152014E-02  0.23929280E+00  0.22487639E+00  0.22093716E+00  0.21974503E+00
 0.33165734E-04  0.14159597E-03  0.10773476E-02  0.42482177E-02  0.23557610E+00  0.21976451E+00  0.21744222E+00  0.21675037E+00
 0.35453071E-04  0.15330490E-03  0.11617643E-02  0.45670853E-02  0.23025840E+00  0.21385063E+00  0.21306240E+00  0.21330620E+00
 0.37732317E-04  0.16450586E-03  0.12436530E-02  0.48727608E-02  0.22387238E+00  0.20699509E+00  0.20823709E+00  0.20936422E+00
 0.39965722E-04  0.17542697E-03  0.13216485E-02  0.51582127E-02  0.21647682E+00  0.19969610E+00  0.20269106E+00  0.20485349E+00
 0.42080732E-04  0.18608745E-03  0.13956425E-02  0.54302658E-02  0.20828886E+00  0.19212084E+00  0.19669868E+00  0.20008300E+00
 0.44133677E-04  0.19652905E-03  0.14675358E-02  0.56797208E-02  0.19969016E+00  0.18436106E+00  0.19028242E+00  0.19476918E+00
 0.46083376E-04  0.20689489E-03  0.15361244E-02  0.59121672E-02  0.19069381E+00  0.17656117E+00  0.18352710E+00  0.18905677E+00
 0.48006773E-04  0.21681492E-03  0.15996666E-02  0.61297690E-02  0.18145975E+00  0.16905939E+00  0.17658222E+00  0.18299916E+00
 # Classe Numero :            3
 0.14980586E-04  0.70226336E-04  0.53612367E-03  0.29692754E-02  0.24173062E+00  0.23829424E+00  0.20660164E+00  0.20087269E+00
 0.20801257E-04  0.96870603E-04  0.55812722E-03  0.23023881E-02  0.19953462E+00  0.25877963E+00  0.26950998E+00  0.25746224E+00
 0.25492305E-04  0.12651272E-03  0.73750775E-03  0.29669128E-02  0.17383531E+00  0.22776684E+00  0.28351357E+00  0.27994665E+00
 0.29853507E-04  0.15044137E-03  0.92516330E-03  0.37530401E-02  0.19041102E+00  0.20995417E+00  0.26963355E+00  0.28067670E+00
 0.34468725E-04  0.17319652E-03  0.11272703E-02  0.45330722E-02  0.21223459E+00  0.20491593E+00  0.25328586E+00  0.27056926E+00
 0.40017126E-04  0.19604526E-03  0.13209871E-02  0.53930202E-02  0.22764112E+00  0.21208834E+00  0.24275801E+00  0.25899356E+00
 0.45940083E-04  0.22301397E-03  0.15066609E-02  0.61955812E-02  0.23914433E+00  0.22223696E+00  0.23770222E+00  0.25197426E+00
 0.52246255E-04  0.25210334E-03  0.16918853E-02  0.70075682E-02  0.24801244E+00  0.23254508E+00  0.23758084E+00  0.24823521E+00
 0.58793747E-04  0.28334908E-03  0.18791399E-02  0.78538622E-02  0.25460259E+00  0.24171039E+00  0.24065679E+00  0.24836856E+00
 0.65830368E-04  0.31624362E-03  0.20689599E-02  0.86541297E-02  0.25933724E+00  0.24901053E+00  0.24562594E+00  0.25054582E+00
 0.73167962E-04  0.35102622E-03  0.22627725E-02  0.94324878E-02  0.26165263E+00  0.25426985E+00  0.25105583E+00  0.25354112E+00
 0.81286716E-04  0.38628235E-03  0.24585805E-02  0.10198235E-01  0.26131026E+00  0.25743051E+00  0.25555774E+00  0.25642368E+00
 0.90109341E-04  0.42164757E-03  0.26435113E-02  0.10941495E-01  0.25830284E+00  0.25830284E+00  0.25830284E+00  0.25830284E+00
 0.99785945E-04  0.45845269E-03  0.28264801E-02  0.11641999E-01  0.25265973E+00  0.25691224E+00  0.25900130E+00  0.25873035E+00
 0.11028921E-03  0.49438569E-03  0.30064667E-02  0.12318033E-01  0.24460001E+00  0.25333807E+00  0.25759394E+00  0.25736355E+00
 0.12142042E-03  0.52973060E-03  0.31743040E-02  0.12947505E-01  0.23453195E+00  0.24785889E+00  0.25414111E+00  0.25420832E+00
 0.13303185E-03  0.56425090E-03  0.33358814E-02  0.13525647E-01  0.22311149E+00  0.24076532E+00  0.24884795E+00  0.24931537E+00
 0.14544990E-03  0.60019507E-03  0.34866867E-02  0.14070514E-01  0.21085117E+00  0.23233464E+00  0.24198555E+00  0.24284748E+00
 0.15790725E-03  0.63455043E-03  0.36304812E-02  0.14550596E-01  0.19816822E+00  0.22302857E+00  0.23386735E+00  0.23485782E+00
 0.17207429E-03  0.66784408E-03  0.37570263E-02  0.14998875E-01  0.18568314E+00  0.21317788E+00  0.22467812E+00  0.22595661E+00
 0.18602977E-03  0.70045168E-03  0.38791154E-02  0.15411546E-01  0.17343845E+00  0.20291486E+00  0.21474442E+00  0.21636950E+00
 0.19992065E-03  0.73231336E-03  0.39893784E-02  0.15755297E-01  0.16207327E+00  0.19254555E+00  0.20445105E+00  0.20608802E+00
 0.21446264E-03  0.76104848E-03  0.40929012E-02  0.16039408E-01  0.15152178E+00  0.18228533E+00  0.19387902E+00  0.19537767E+00
 0.22950756E-03  0.78820885E-03  0.41868805E-02  0.16289040E-01  0.14167219E+00  0.17215233E+00  0.18325918E+00  0.18455062E+00
 0.24441702E-03  0.81548357E-03  0.42740274E-02  0.16530729E-01  0.13264505E+00  0.16245948E+00  0.17275809E+00  0.17377690E+00
 0.26085816E-03  0.83991449E-03  0.43507540E-02  0.16715976E-01  0.12436005E+00  0.15322494E+00  0.16242554E+00  0.16327580E+00
 0.27669218E-03  0.86649847E-03  0.44156341E-02  0.16859875E-01  0.11675100E+00  0.14452972E+00  0.15247952E+00  0.15306652E+00
 0.29312752E-03  0.89153394E-03  0.44702506E-02  0.16968733E-01  0.10967874E+00  0.13633233E+00  0.14301107E+00  0.14350933E+00
 # Classe Numero :            4
 0.27614890E-03  0.13084687E-02  0.97535392E-02  0.51073334E-01  0.30248871E+00  0.24927707E+00  0.27019225E+00  0.29594323E+00
 0.28937176E-03  0.12325300E-02  0.87227880E-02  0.41061270E-01  0.36539087E+00  0.30744974E+00  0.27197218E+00  0.25868287E+00
 0.33966117E-03  0.13257298E-02  0.93213120E-02  0.43371617E-01  0.38647575E+00  0.33827505E+00  0.28245039E+00  0.26076943E+00
 0.40228561E-03  0.14431114E-02  0.98478659E-02  0.45853595E-01  0.36120344E+00  0.34821048E+00  0.29046121E+00  0.26248071E+00
 0.46432815E-03  0.15841006E-02  0.10429438E-01  0.48247133E-01  0.32747309E+00  0.34122430E+00  0.29207930E+00  0.26363235E+00
 0.51707821E-03  0.17496308E-02  0.11020348E-01  0.50363298E-01  0.29786682E+00  0.32154769E+00  0.28989734E+00  0.26440302E+00
 0.56383043E-03  0.19099729E-02  0.11715884E-01  0.52262526E-01  0.27483232E+00  0.30088336E+00  0.28390744E+00  0.26192489E+00
 0.60812629E-03  0.20674628E-02  0.12502839E-01  0.54718801E-01  0.25764792E+00  0.28220370E+00  0.27479697E+00  0.25807037E+00
 0.65242692E-03  0.22133422E-02  0.13328906E-01  0.57054370E-01  0.24493879E+00  0.26602886E+00  0.26390537E+00  0.25129234E+00
 0.70150768E-03  0.23448951E-02  0.14274112E-01  0.59439462E-01  0.23501118E+00  0.25109675E+00  0.25137156E+00  0.24276542E+00
 0.75352891E-03  0.24765866E-02  0.15178934E-01  0.61785085E-01  0.22635447E+00  0.23702265E+00  0.23784611E+00  0.23286178E+00
 0.81175713E-03  0.26061699E-02  0.16092752E-01  0.63971435E-01  0.21811525E+00  0.22323932E+00  0.22383899E+00  0.22169664E+00
 0.87181292E-03  0.27386106E-02  0.16978300E-01  0.66021019E-01  0.20973588E+00  0.20973588E+00  0.20973588E+00  0.20973588E+00
 0.93857852E-03  0.28825169E-02  0.17827234E-01  0.67947530E-01  0.20097535E+00  0.19638507E+00  0.19579377E+00  0.19726342E+00
 0.10043572E-02  0.30192629E-02  0.18628967E-01  0.69261305E-01  0.19181067E+00  0.18324863E+00  0.18219346E+00  0.18464650E+00
 0.10834653E-02  0.31735940E-02  0.19386013E-01  0.70541981E-01  0.18238071E+00  0.17042251E+00  0.16907480E+00  0.17220113E+00
 0.11638541E-02  0.33111029E-02  0.20080703E-01  0.71451717E-01  0.17288230E+00  0.15810856E+00  0.15660773E+00  0.16013129E+00
 0.12554833E-02  0.34795895E-02  0.20710632E-01  0.72318491E-01  0.16344820E+00  0.14641809E+00  0.14483124E+00  0.14863358E+00
 0.13437696E-02  0.36531181E-02  0.21313199E-01  0.73036268E-01  0.15428821E+00  0.13535058E+00  0.13375583E+00  0.13786506E+00
 0.14305797E-02  0.38394316E-02  0.21834146E-01  0.73339349E-01  0.14536771E+00  0.12498730E+00  0.12348442E+00  0.12775308E+00
 0.15164533E-02  0.40100083E-02  0.22330133E-01  0.73505425E-01  0.13687041E+00  0.11531747E+00  0.11399741E+00  0.11827528E+00
 0.15938119E-02  0.41898860E-02  0.22777490E-01  0.73404538E-01  0.12866237E+00  0.10634095E+00  0.10534044E+00  0.10964400E+00
 0.16774539E-02  0.43954875E-02  0.23139807E-01  0.73100606E-01  0.12063583E+00  0.98074224E-01  0.97379480E-01  0.10166895E+00
 0.17591536E-02  0.45801061E-02  0.23506717E-01  0.72792619E-01  0.11309388E+00  0.90601771E-01  0.90066754E-01  0.94422813E-01
 0.18513541E-02  0.47849168E-02  0.23796960E-01  0.72300069E-01  0.10585233E+00  0.83644237E-01  0.83420281E-01  0.87775565E-01
 0.19451565E-02  0.49700614E-02  0.24075593E-01  0.71535231E-01  0.98926107E-01  0.77271905E-01  0.77411711E-01  0.81711250E-01
 0.20879989E-02  0.51792447E-02  0.24262753E-01  0.70703095E-01  0.92433798E-01  0.71402907E-01  0.71886280E-01  0.76149739E-01
 0.23215787E-02  0.53617635E-02  0.24417267E-01  0.69729391E-01  0.86423308E-01  0.66024199E-01  0.66810992E-01  0.71014073E-01
 # Classe Numero :            5
 0.72694440E-02  0.29254050E-01  0.18256473E+00  0.80122758E+00  0.25780757E+00  0.25856210E+00  0.22636782E+00  0.20620071E+00
 0.81113575E-02  0.28003610E-01  0.14667016E+00  0.55614885E+00  0.24944927E+00  0.23924577E+00  0.23288678E+00  0.22693201E+00
 0.96187524E-02  0.29062892E-01  0.13503763E+00  0.49149831E+00  0.24169632E+00  0.23834176E+00  0.22914913E+00  0.23002705E+00
 0.11782273E-01  0.30536698E-01  0.12912249E+00  0.45034304E+00  0.22708213E+00  0.22512272E+00  0.21913423E+00  0.22434424E+00
 0.15148246E-01  0.32542342E-01  0.12565342E+00  0.42168080E+00  0.21022182E+00  0.20944783E+00  0.20597727E+00  0.21420142E+00
 0.18382219E-01  0.34632564E-01  0.12335561E+00  0.40159367E+00  0.19547697E+00  0.19539546E+00  0.19322980E+00  0.20243645E+00
 0.21768113E-01  0.36963890E-01  0.12168722E+00  0.38425675E+00  0.18291518E+00  0.18259286E+00  0.18177572E+00  0.19085303E+00
 0.25339966E-01  0.39324306E-01  0.11969373E+00  0.36886727E+00  0.17150791E+00  0.17104762E+00  0.17151823E+00  0.17916328E+00
 0.28961303E-01  0.41465255E-01  0.11784591E+00  0.35736448E+00  0.16092155E+00  0.16023871E+00  0.16161932E+00  0.16778624E+00
 0.32288276E-01  0.43326884E-01  0.11607089E+00  0.34457103E+00  0.15075113E+00  0.15025234E+00  0.15184900E+00  0.15642847E+00
 0.35150653E-01  0.44857815E-01  0.11408203E+00  0.33301118E+00  0.14110213E+00  0.14083420E+00  0.14213141E+00  0.14508895E+00
 0.37626900E-01  0.46190121E-01  0.11153193E+00  0.32337292E+00  0.13192492E+00  0.13185073E+00  0.13259498E+00  0.13396860E+00
 0.39592426E-01  0.47278430E-01  0.10904538E+00  0.31478846E+00  0.12324147E+00  0.12324147E+00  0.12324147E+00  0.12324147E+00
 0.41194357E-01  0.48059493E-01  0.10682799E+00  0.30634434E+00  0.11513033E+00  0.11507493E+00  0.11416172E+00  0.11304293E+00
 0.42305505E-01  0.48631377E-01  0.10455683E+00  0.29898209E+00  0.10761440E+00  0.10735187E+00  0.10543338E+00  0.10346192E+00
 0.43211821E-01  0.48879827E-01  0.10244598E+00  0.29190496E+00  0.10058749E+00  0.10004279E+00  0.97147035E-01  0.94492482E-01
 0.43626658E-01  0.48827247E-01  0.10047439E+00  0.28407109E+00  0.93961618E-01  0.93122023E-01  0.89369669E-01  0.86190393E-01
 0.43883870E-01  0.48713530E-01  0.98423876E-01  0.27799898E+00  0.87620042E-01  0.86542756E-01  0.82108167E-01  0.78536637E-01
 0.43918486E-01  0.48361948E-01  0.96419314E-01  0.27159648E+00  0.81522982E-01  0.80354158E-01  0.75404379E-01  0.71511236E-01
 0.43842718E-01  0.47972856E-01  0.94563718E-01  0.26563152E+00  0.75728372E-01  0.74548291E-01  0.69219031E-01  0.65080896E-01
 0.43598902E-01  0.47443198E-01  0.92865088E-01  0.25963764E+00  0.70275481E-01  0.69135517E-01  0.63567056E-01  0.59257955E-01
 0.43223263E-01  0.46856716E-01  0.91109480E-01  0.25399610E+00  0.65163540E-01  0.64097632E-01  0.58349845E-01  0.53961697E-01
 0.42809296E-01  0.46260520E-01  0.89663329E-01  0.24844826E+00  0.60434614E-01  0.59430882E-01  0.53576485E-01  0.49189262E-01
 0.42329657E-01  0.45542135E-01  0.88292993E-01  0.24304724E+00  0.56023658E-01  0.55092457E-01  0.49236870E-01  0.44879483E-01
 0.41765534E-01  0.44855303E-01  0.86828208E-01  0.23748392E+00  0.51930133E-01  0.51079947E-01  0.45212385E-01  0.40974124E-01
 0.41202050E-01  0.44170039E-01  0.85711030E-01  0.23231001E+00  0.48153655E-01  0.47360986E-01  0.41543898E-01  0.37406396E-01
 0.40603432E-01  0.43442059E-01  0.84598648E-01  0.22794652E+00  0.44665659E-01  0.43941777E-01  0.38204508E-01  0.34185171E-01
 0.39984255E-01  0.42690422E-01  0.83394135E-01  0.22349407E+00  0.41465896E-01  0.40793211E-01  0.35165887E-01  0.31259953E-01
 # Classe Numero :            6
 0.20935518E+00  0.34059139E+00  0.11925926E+01  0.37186868E+01  0.93509061E-01  0.10118830E+00  0.97189174E-01  0.84355433E-01
 0.21515427E+00  0.30973084E+00  0.99451636E+00  0.29188237E+01  0.84523684E-01  0.95548551E-01  0.85079687E-01  0.73522129E-01
 0.22851651E+00  0.29899692E+00  0.90370687E+00  0.24991146E+01  0.73026558E-01  0.83345764E-01  0.83005869E-01  0.74363536E-01
 0.24224735E+00  0.30427442E+00  0.83140036E+00  0.22143412E+01  0.66923132E-01  0.75227680E-01  0.78919942E-01  0.74106407E-01
 0.25844050E+00  0.30645131E+00  0.78605258E+00  0.19933365E+01  0.63691887E-01  0.69771431E-01  0.74690541E-01  0.72053994E-01
 0.27410681E+00  0.31503123E+00  0.75727266E+00  0.18329690E+01  0.61933819E-01  0.65926573E-01  0.70330300E-01  0.68797409E-01
 0.29513207E+00  0.32551536E+00  0.73525677E+00  0.17104490E+01  0.60042472E-01  0.62482576E-01  0.65832429E-01  0.64709923E-01
 0.31404884E+00  0.33664780E+00  0.71863282E+00  0.16094346E+01  0.57397740E-01  0.58827257E-01  0.60950841E-01  0.60191490E-01
 0.33855682E+00  0.35748784E+00  0.70592710E+00  0.15111953E+01  0.54057356E-01  0.54834508E-01  0.56006276E-01  0.55408051E-01
 0.36627077E+00  0.38137386E+00  0.69441177E+00  0.14359403E+01  0.50160050E-01  0.50552919E-01  0.51061031E-01  0.50621539E-01
 0.39509037E+00  0.40830171E+00  0.69058614E+00  0.13653468E+01  0.45946467E-01  0.46118411E-01  0.46298527E-01  0.46014773E-01
 0.42879393E+00  0.44139425E+00  0.69591035E+00  0.13041083E+01  0.41710265E-01  0.41773400E-01  0.41789740E-01  0.41673909E-01
 0.46867399E+00  0.47887003E+00  0.70035831E+00  0.12463758E+01  0.37620078E-01  0.37620078E-01  0.37620078E-01  0.37620078E-01
 0.50435950E+00  0.51353233E+00  0.69593239E+00  0.11924712E+01  0.33775277E-01  0.33740627E-01  0.33814090E-01  0.33911040E-01
 0.54414898E+00  0.55117094E+00  0.70020265E+00  0.11452861E+01  0.30243139E-01  0.30194715E-01  0.30384396E-01  0.30534429E-01
 0.58042431E+00  0.58613077E+00  0.70193823E+00  0.11015300E+01  0.27082340E-01  0.27021828E-01  0.27317058E-01  0.27489823E-01
 0.60745250E+00  0.61144256E+00  0.69868997E+00  0.10563585E+01  0.24304689E-01  0.24241137E-01  0.24584886E-01  0.24768650E-01
 0.62214864E+00  0.62513717E+00  0.69943354E+00  0.10146699E+01  0.21910575E-01  0.21852687E-01  0.22153599E-01  0.22332704E-01
 0.62744451E+00  0.62972379E+00  0.69762305E+00  0.97430338E+00  0.19861771E-01  0.19793067E-01  0.20001664E-01  0.20160540E-01
 0.63348621E+00  0.63541960E+00  0.68944364E+00  0.93656991E+00  0.18059248E-01  0.17997760E-01  0.18084659E-01  0.18232176E-01
 0.63247036E+00  0.63371868E+00  0.68257348E+00  0.90166896E+00  0.16469437E-01  0.16407356E-01  0.16387425E-01  0.16514548E-01
 0.62855824E+00  0.62946337E+00  0.67324166E+00  0.86839468E+00  0.15057658E-01  0.14997443E-01  0.14883514E-01  0.14973486E-01
 0.62253633E+00  0.62325149E+00  0.66219881E+00  0.83697691E+00  0.13794123E-01  0.13740750E-01  0.13558067E-01  0.13592821E-01
 0.61385218E+00  0.61431491E+00  0.64886175E+00  0.80566194E+00  0.12658109E-01  0.12611957E-01  0.12385021E-01  0.12356520E-01
 0.60198885E+00  0.60251331E+00  0.63522285E+00  0.77556990E+00  0.11636871E-01  0.11597115E-01  0.11342766E-01  0.11260958E-01
 0.58919476E+00  0.58958202E+00  0.61875915E+00  0.74709741E+00  0.10717773E-01  0.10685793E-01  0.10411172E-01  0.10287037E-01
 0.57492021E+00  0.57521261E+00  0.60133462E+00  0.71887033E+00  0.98812909E-02  0.98580443E-02  0.95785161E-02  0.94173209E-02
 0.55955915E+00  0.55971719E+00  0.58214100E+00  0.69161684E+00  0.91204235E-02  0.91031941E-02  0.88330157E-02  0.86374974E-02
 # Classe Numero :            7
 0.24502891E+02  0.24528872E+02  0.24862442E+02  0.30308195E+02  0.22543493E-01  0.27253350E-01  0.35167276E-01  0.50246225E-01
 0.19515358E+02  0.19519623E+02  0.19778846E+02  0.22309744E+02  0.18468749E-01  0.20631866E-01  0.27462773E-01  0.39922349E-01
 0.16738001E+02  0.16741597E+02  0.17011530E+02  0.18816460E+02  0.21791495E-01  0.22885700E-01  0.27903167E-01  0.38294410E-01
 0.14244499E+02  0.14242642E+02  0.14498429E+02  0.15982823E+02  0.26346096E-01  0.26877167E-01  0.30492555E-01  0.37682631E-01
 0.12112802E+02  0.12113644E+02  0.12343719E+02  0.13573537E+02  0.29915643E-01  0.30192826E-01  0.32427577E-01  0.37260248E-01
 0.10352758E+02  0.10350179E+02  0.10554711E+02  0.11553379E+02  0.31448115E-01  0.31594833E-01  0.32943613E-01  0.35989210E-01
 0.89664832E+01  0.89681482E+01  0.91012422E+01  0.99465101E+01  0.31287103E-01  0.31367172E-01  0.32228733E-01  0.34014244E-01
 0.79237818E+01  0.79235932E+01  0.80392351E+01  0.87298078E+01  0.30014429E-01  0.30058097E-01  0.30610700E-01  0.31578491E-01
 0.70321424E+01  0.70329490E+01  0.71402755E+01  0.77191074E+01  0.28097159E-01  0.28118428E-01  0.28463339E-01  0.28997231E-01
 0.62401150E+01  0.62378713E+01  0.63310392E+01  0.68481226E+01  0.25893072E-01  0.25903952E-01  0.26117070E-01  0.26396985E-01
 0.55631096E+01  0.55640589E+01  0.56504045E+01  0.60921740E+01  0.23636332E-01  0.23640611E-01  0.23753405E-01  0.23890907E-01
 0.49596093E+01  0.49603609E+01  0.50401591E+01  0.54285714E+01  0.21449230E-01  0.21450456E-01  0.21496207E-01  0.21552284E-01
 0.44277949E+01  0.44276140E+01  0.44981437E+01  0.48432379E+01  0.19403383E-01  0.19403383E-01  0.19403383E-01  0.19403383E-01
 0.39711142E+01  0.39715013E+01  0.40305181E+01  0.43366639E+01  0.17529632E-01  0.17529111E-01  0.17498020E-01  0.17444133E-01
 0.35680458E+01  0.35671877E+01  0.36243762E+01  0.38992775E+01  0.15831567E-01  0.15830898E-01  0.15780620E-01  0.15678018E-01
 0.32155834E+01  0.32156134E+01  0.32669026E+01  0.35265073E+01  0.14303509E-01  0.14302845E-01  0.14240492E-01  0.14096884E-01
 0.29079161E+01  0.29080594E+01  0.29541598E+01  0.31919836E+01  0.12935775E-01  0.12935300E-01  0.12865981E-01  0.12685306E-01
 0.26377901E+01  0.26379561E+01  0.26773684E+01  0.29043036E+01  0.11714717E-01  0.11714509E-01  0.11641834E-01  0.11421877E-01
 0.23962202E+01  0.23964819E+01  0.24328165E+01  0.26466696E+01  0.10625913E-01  0.10625808E-01  0.10552267E-01  0.10296639E-01
 0.21815907E+01  0.21815081E+01  0.22138082E+01  0.24153542E+01  0.96554460E-02  0.96552458E-02  0.95825459E-02  0.92997516E-02
 0.19950905E+01  0.19947879E+01  0.20240444E+01  0.22102329E+01  0.87894387E-02  0.87893580E-02  0.87185776E-02  0.84124666E-02
 0.18294913E+01  0.18293605E+01  0.18554989E+01  0.20317985E+01  0.80162536E-02  0.80162416E-02  0.79474359E-02  0.76223813E-02
 0.16833163E+01  0.16837084E+01  0.17063570E+01  0.18737655E+01  0.73243639E-02  0.73242970E-02  0.72584543E-02  0.69186868E-02
 0.15513254E+01  0.15515416E+01  0.15721254E+01  0.17332246E+01  0.67051750E-02  0.67051943E-02  0.66424678E-02  0.62901686E-02
 0.14322764E+01  0.14320187E+01  0.14508871E+01  0.16077505E+01  0.61499697E-02  0.61499906E-02  0.60906457E-02  0.57265247E-02
 0.13286137E+01  0.13289250E+01  0.13451460E+01  0.14960379E+01  0.56505959E-02  0.56505871E-02  0.55945535E-02  0.52209354E-02
 0.12366911E+01  0.12369228E+01  0.12521304E+01  0.13962122E+01  0.52008724E-02  0.52008682E-02  0.51481553E-02  0.47706980E-02
 0.11527067E+01  0.11528616E+01  0.11660272E+01  0.13090313E+01  0.47953939E-02  0.47954147E-02  0.47458737E-02  0.43666089E-02
