 0.3000E+03  0.5341E+00
 0.4000E+03  0.2878E+00
 0.5000E+03  0.1912E+00
 0.6000E+03  0.1371E+00
 0.7000E+03  0.1028E+00
 0.8000E+03  0.7957E-01
 0.9000E+03  0.6325E-01
 0.1000E+04  0.5134E-01
 0.1100E+04  0.4236E-01
 0.1200E+04  0.3542E-01
 0.1300E+04  0.2994E-01
 0.1400E+04  0.2555E-01
 0.1500E+04  0.2198E-01
 0.1600E+04  0.1905E-01
 0.1700E+04  0.1662E-01
 0.1800E+04  0.1460E-01
 0.1900E+04  0.1291E-01
 0.2000E+04  0.1148E-01
 0.2100E+04  0.1026E-01
 0.2200E+04  0.9230E-02
 0.2300E+04  0.8343E-02
 0.2400E+04  0.7578E-02
 0.2500E+04  0.6914E-02
 0.2600E+04  0.6337E-02
 0.2700E+04  0.5831E-02
 0.2800E+04  0.5385E-02
 0.2900E+04  0.4992E-02
 0.3000E+04  0.4642E-02
 0.3100E+04  0.4329E-02
 0.3200E+04  0.4049E-02
 0.3300E+04  0.3796E-02
 0.3400E+04  0.3567E-02
 0.3500E+04  0.3359E-02
 0.3600E+04  0.3170E-02
 0.3700E+04  0.2996E-02
 0.3800E+04  0.2836E-02
 0.3900E+04  0.2689E-02
 0.4000E+04  0.2552E-02
