25  Nombre de points de tabulation pour l'enthalpie
   50.   -0.32115E+07   -0.22604E+06   -0.13883E+08
  250.   -0.68320E+06   -0.44094E+05   -0.13513E+08
  450.    0.21930E+07    0.14222E+06   -0.13136E+08
  650.    0.50979E+07    0.33939E+06   -0.12739E+08
  850.    0.80296E+07    0.54797E+06   -0.12316E+08
 1050.    0.11009E+08    0.76412E+06   -0.11865E+08
 1250.    0.14066E+08    0.98555E+06   -0.11385E+08
 1450.    0.17210E+08    0.12110E+07   -0.10880E+08
 1650.    0.20438E+08    0.14400E+07   -0.10352E+08
 1850.    0.23745E+08    0.16723E+07   -0.98041E+07
 2050.    0.27124E+08    0.19077E+07   -0.92401E+07
 2250.    0.30571E+08    0.21460E+07   -0.85187E+07
 2450.    0.34081E+08    0.23870E+07   -0.78325E+07
 2650.    0.37649E+08    0.26306E+07   -0.70505E+07
 2850.    0.41269E+08    0.28767E+07   -0.61356E+07
 3050.    0.44939E+08    0.31251E+07   -0.50418E+07
 3250.    0.48653E+08    0.33757E+07   -0.37141E+07
 3450.    0.52410E+08    0.36285E+07   -0.20906E+07
 3650.    0.56207E+08    0.38833E+07   -0.10411E+06
 3850.    0.60042E+08    0.41399E+07    0.23123E+07
 4050.    0.63913E+08    0.43984E+07    0.52178E+07
 4250.    0.67820E+08    0.46586E+07    0.86506E+07
 4450.    0.71761E+08    0.49204E+07    0.12611E+08
 4650.    0.75737E+08    0.51837E+07    0.17042E+08
 4850.    0.79746E+08    0.54485E+07    0.21821E+08
 .00219 .1387 .0159  Masse molaire fuel, oxydant, produit
 0.111111            Fraction de melange a la stoechiometrie
.3 .78 .4            Coeff. d'absorption fuel, oxydant, produits (pour rayonnement)
1. 2.                Coeff. molaires de CO2 et H2O dans les produits (pour rayonnement)
